# time	A	B	C
0	1.0	0.0	0.0
0.0001	0.97044553375	0.02955298118712375	1.48506287625e-06
0.0002	0.9417645339753223	0.058229584638807036	5.881385870576554e-06
0.00030000000000000003	0.9139311858405017	0.08605571152675444	1.3102632743814386e-05
0.0004	0.8869204374537561	0.11305649752733603	2.3065018907813324e-05
0.0005	0.8607079773185938	0.13925633544539337	3.568723601275155e-05
0.0006000000000000001	0.8352702124518256	0.16467889716941103	5.089037876323054e-05
0.0007000000000000001	0.8105842471482878	0.1893471549778148	6.859787389728125e-05
0.0008000000000000001	0.7866278623731621	0.21328340221557346	8.873541126435788e-05
0.0009000000000000002	0.7633794957633449	0.2365092733597148	0.00011123087694028477
0.0010000000000000002	0.740818222219865	0.2590457634918159	0.00013601428831895527
0.0011000000000000003	0.7189237350738831	0.2809132471949945	0.00016301773112236087
0.0012000000000000003	0.6976763278093181	0.30213149689240965	0.00019217529827225525
0.0013000000000000004	0.6770568763256537	0.3227197006437779	0.0002234230305684338
0.0014000000000000004	0.6570468217249568	0.34269647941592307	0.00025669885912023467
0.0015000000000000005	0.6376281536076167	0.36207990384290384	0.0002919425494794463
0.0016000000000000005	0.6187833938617706	0.38088751049080505	0.00032909564742433713
0.0017000000000000006	0.6004955809318224	0.39913631764183155	0.00036810142634600897
0.0018000000000000006	0.5827482545518987	0.4168428406119115	0.000408904836189719
0.0019000000000000006	0.5655254409304982	0.4340231066155965	0.0004514524539052137
0.0020000000000000005	0.5488116383730014	0.45069266919163703	0.0004956924353614764
0.0021000000000000003	0.5325918033290993	0.466866622202218	0.0005415744686826094
0.0022	0.5168513368525828	0.4825596134184542	0.0005890497289628484
0.0023	0.5015760714613058	0.49778585770437417	0.0006380708343199514
0.0024	0.486752258385495	0.5125591498112575	0.000688591803247405
0.0024999999999999996	0.47236655519292964	0.5268928767938432	0.0007405680132270652
0.0025999999999999994	0.45840601377985146	0.5408000300595835	0.0007939561605649779
0.0026999999999999993	0.4448580687167978	0.5542932170617879	0.0008487142214142313
0.002799999999999999	0.431710525938867	0.5673846726471832	0.0009048014139497563
0.002899999999999999	0.418951551770237	0.5800862700681019	0.0009621781616610313
0.0029999999999999988	0.4065696622730584	0.5924095316692118	0.001020806057729651
0.0030999999999999986	0.3945537129111354	0.6043656392584048	0.0010806478304596977
0.0031999999999999984	0.38289288851909103	0.615965444171179	0.0011416673097297979
0.0032999999999999982	0.37157669356798856	0.6272194770375746	0.001203829394436673
0.003399999999999998	0.36059494271864684	0.6381379572604522	0.0012671000209008767
0.003499999999999998	0.3499377516541479	0.6487308022136458	0.0013314461322062841
0.0035999999999999977	0.33959552818328453	0.6590076361682697	0.0013968356484457367
0.0036999999999999976	0.3295589636069407	0.6689777989552133	0.0014632374378460602
0.0037999999999999974	0.3198190243396344	0.6786503543716191	0.0015306212887464684
0.0038999999999999972	0.31036694377868074	0.6880340983389142	0.0015989578824051292
0.0039999999999999975	0.30119421441365807	0.6971375668197325	0.0016682187666094193
0.004099999999999998	0.29229258016907433	0.7059690435008595	0.0017383763300661123
0.004199999999999998	0.283654028973342	0.7145365672491095	0.0018094037775484516
0.004299999999999998	0.2752707855473729	0.7228479393468494	0.0018812751057777398
0.0043999999999999985	0.26713530440630207	0.7309107305136803	0.0019539650800177322
0.004499999999999999	0.25924026306804254	0.7387322877205967	0.002027449211360773
0.004599999999999999	0.251578555462557	0.7463197408027579	0.0021017037346852245
0.004699999999999999	0.24414328553591508	0.7536800088768206	0.002176705587264358
0.0048	0.23692776104337976	0.7608198065686128	0.002252432388007441
0.0049	0.2299254875259351	0.7677456500567506	0.002328862417314348
0.005	0.22313016246483508	0.7744638629376394	0.002405974597525556
0.0051	0.2165356696089111	0.7809805819171389	0.0024837484739499275
0.005200000000000001	0.2101360734695334	0.7873017623340134	0.0025621641964532122
0.005300000000000001	0.20392561397827055	0.7934331835201388	0.002641202501590686
0.005400000000000001	0.19789870130243922	0.799380454002293	0.0027208446952678537
0.005500000000000001	0.19204991081387746	0.805149016550209	0.002801072635913602
0.005600000000000002	0.18637397820641322	0.8107441530754361	0.0028818687181506653
0.005700000000000002	0.18086579475763354	0.8161709893854178	0.0029632158569486977
0.005800000000000002	0.17552040273068964	0.8214344997970646	0.0030450974722456958
0.0059000000000000025	0.17033299091199908	0.826539511613977	0.0031274974740239255
0.006000000000000003	0.16529889028082884	0.8314907094713442	0.003210400247826922
0.006100000000000003	0.16041356980686164	0.8362926395524338	0.003293790640704529
0.006200000000000003	0.15567263237196272	0.8409497136804639	0.00337765394757332
0.0063000000000000035	0.1510718108124769	0.8454662132895429	0.003461975897980137
0.006400000000000004	0.14660696407849316	0.8498462932782499	0.0035467426432568175
0.006500000000000004	0.14227407350662039	0.8540939857493249	0.0036319407440545664
0.006600000000000004	0.13806923920291894	0.8582132036388342	0.0037175571582467332
0.0067000000000000046	0.1339886765327331	0.8622077442380777	0.0038035792291891226
0.006800000000000005	0.13002871271426428	0.8660812926114083	0.0038899946743272636
0.006900000000000005	0.12618578351281962	0.8698374249130398	0.003976791574140383
0.007000000000000005	0.12245643003276019	0.8734796116058275	0.0040639583614121375
0.007100000000000006	0.1188372956042615	0.87701122058492	0.0041514838108184385
0.007200000000000006	0.11532512276208408	0.8804355202090929	0.004239357028823008
0.007300000000000006	0.11191675031363496	0.8837556822424935	0.004327567443871565
0.007400000000000006	0.10860911049368097	0.8869747847094432	0.004416104796875814
0.007500000000000007	0.10539922620315295	0.8900958146648684	0.004504959131978677
0.007600000000000007	0.10228420832955576	0.8931216708828519	0.004594120787592457
0.007700000000000007	0.09926125314657193	0.8960551664657264	0.004683580387701854
0.0078000000000000074	0.09632763979051887	0.8988990313760572	0.004773328833424031
0.007900000000000008	0.09348072781138782	0.9016559148937942	0.004863357294818102
0.008000000000000007	0.09071795479626071	0.9043283880008026	0.004953657202936696
0.008100000000000007	0.0880368340629656	0.906918945694922	0.005044220242112431
0.008200000000000006	0.08543495242189483	0.9094300092356329	0.005135038342472354
0.008300000000000005	0.08290996800397159	0.9118639283233548	0.005226103672673615
0.008400000000000005	0.08045960815280963	0.9142229832143366	0.005317408632853836
0.008500000000000004	0.07808166737916919	0.9165093867730411	0.005408945847789826
0.008600000000000003	0.07577400537586781	0.9187252864638737	0.005500708160258484
0.008700000000000003	0.07353454509135941	0.9208727662840467	0.005592688624593925
0.008800000000000002	0.07136127086024772	0.9229538486393173	0.005684880500435011
0.008900000000000002	0.06925222658905142	0.924970496164291	0.005777277246657678
0.009000000000000001	0.06720551399558794	0.9269246134889255	0.005869872515486589
0.0091	0.06521929090039143	0.9288180489528278	0.005962660146780812
0.0092	0.06329176956862688	0.9306525962688849	0.006055634162488381
0.0093	0.06142121510100812	0.9324299961377273	0.006148788761264751
0.009399999999999999	0.05960594387227139	0.9341519378144785	0.0062421183132503055
0.009499999999999998	0.05784432201579895	0.935820060629199	0.006335617355002201
0.009599999999999997	0.05613476395302889	0.9374359554623952	0.006429280584576012
0.009699999999999997	0.05447573096632738	0.93900116617692	0.006523102856752723
0.009799999999999996	0.052865729814038975	0.9405171910075543	0.006617079178406795
0.009899999999999996	0.05130331138646834	0.9419854839095205	0.006711204704011117
0.009999999999999995	0.04978706940158372	0.9434074558671415	0.006805474731274812
0.010099999999999994	0.04831563913926821	0.9447844761638219	0.006899884696909963
0.010199999999999994	0.04688769621297953	0.9461178736144971	0.006994430172523452
0.010299999999999993	0.045501955377712774	0.947408937761657	0.007089106860630215
0.010399999999999993	0.04415716937319315	0.9486589200360226	0.007183910590784318
0.010499999999999992	0.042852127801257585	0.9498690348829181	0.007278837315824382
0.010599999999999991	0.041585656036414634	0.9510404608553554	0.007373883108229973
0.01069999999999999	0.04035661416860231	0.9521743416748121	0.007469044156585672
0.01079999999999999	0.03916389597719208	0.9532717872606583	0.0075643167621496496
0.01089999999999999	0.03800642793531565	0.9543338747291608	0.007659697335523658
0.010999999999999989	0.0368831682436183	0.9553616493629603	0.007755182393421438
0.011099999999999988	0.03579310589256921	0.9563561255518982	0.007850768555532628
0.011199999999999988	0.0347352597524846	0.9573182877060361	0.007946452541479365
0.011299999999999987	0.03370867769044481	0.9582490911416924	0.008042231167862833
0.011399999999999987	0.03271243571331043	0.9591494629412926	0.008138101345397096
0.011499999999999986	0.0317456371360661	0.9600203027878064	0.008234060076127635
0.011599999999999985	0.03080741177474349	0.9608624837745245	0.008330104450732095
0.011699999999999985	0.029896915163196983	0.9616768531909023	0.00842623164590081
0.011799999999999984	0.029013327793027163	0.9624642332851783	0.008522438921794733
0.011899999999999984	0.028155854375967956	0.9632254220044537	0.008618723619578514
0.011999999999999983	0.027323723128073497	0.9639611937129002	0.008715083159026466
0.012099999999999982	0.026516185075060504	0.9646722998887404	0.008811515036199301
0.012199999999999982	0.025732513378180874	0.9653594698006298	0.008908016821189526
0.012299999999999981	0.024972002680017754	0.966023411164049	0.009004586155933459
0.01239999999999998	0.02423396846961626	0.966664810778296	0.009101220752087934
0.01249999999999998	0.023517746466377422	0.9672843351446531	0.009197918388969734
0.01259999999999998	0.022822692022160813	0.9678826310662835	0.009294676911555944
0.012699999999999979	0.022148179541057716	0.9684603262303991	0.009391494228543384
0.012799999999999978	0.021493601916312586	0.9690180297732223	0.009488368310465413
0.012899999999999977	0.02085836998388599	0.9695563328282499	0.009585297187864368
0.012999999999999977	0.02024191199216722	0.970075809058315	0.00968227894951804
0.013099999999999976	0.019643673087359245	0.9705770151719225	0.009779311740718544
0.013199999999999976	0.019063114814072853	0.9710604914243254	0.009876393761602075
0.013299999999999975	0.018499714630680463	0.9715267621037919	0.009973523265528006
0.013399999999999974	0.017952965438993385	0.971976336003501	0.01007069855750591
0.013499999999999974	0.01742237512783924	0.972409706879492	0.010167917992669065
0.013599999999999973	0.016907466130128675	0.9728273538950786	0.010265179974793063
0.013699999999999973	0.01640777499301277	0.9732297420521293	0.010362482954858216
0.013799999999999972	0.01592285196074418	0.9736173226096017	0.010459825429654443
0.013899999999999971	0.01545226056986662	0.9739905334897063	0.010557205940427387
0.01399999999999997	0.01499557725636829	0.9743497996720675	0.010654623071564544
0.01409999999999997	0.014552390974445686	0.9746955335762344	0.010752075449320232
0.01419999999999997	0.014122302826534625	0.9750281354328875	0.01084956174057823
0.014299999999999969	0.013704925704275528	0.9753479936440738	0.010947080651650997
0.014399999999999968	0.01329988394008976	0.9756554851327962	0.011044630927114375
0.014499999999999968	0.01290681296905346	0.9759509756822702	0.011142211348676732
0.014599999999999967	0.012525359000764506	0.9762348202651543	0.011239820734081526
0.014699999999999967	0.012155178700907278	0.9765073633630508	0.011337457936042305
0.014799999999999966	0.011795938882228595	0.9767689392765626	0.011435121841209183
0.014899999999999965	0.011447316204646707	0.9770198724261878	0.011532811369165858
0.014999999999999965	0.011108996884223397	0.9772604776443207	0.011630525471456276
0.015099999999999964	0.010780676410737261	0.977491060458623	0.011728263130640057
0.015199999999999964	0.010462059273603956	0.9777119173670206	0.011826023359375847
0.015299999999999963	0.010152858695896728	0.9779233361045719	0.011923805199531746
0.015399999999999962	0.009852796376227829	0.9781255959024505	0.012021607721322044
0.015499999999999962	0.009561602238258481	0.9783189677392724	0.012119430022469452
0.015599999999999961	0.009279014187611947	0.9785037145849963	0.012217271227392112
0.01569999999999996	0.009004777875970899	0.9786800916376148	0.012315130486414617
0.01579999999999996	0.00873864647214677	0.9788483465528512	0.012413006975002363
0.01589999999999996	0.008480380439915027	0.9790087196670668	0.012510899893018517
0.01599999999999996	0.008229747322416398	0.979161444213581	0.012608808464002958
0.016099999999999958	0.007986521532930014	0.9793067465325979	0.012706731934472514
0.016199999999999957	0.0077504841518301355	0.9794448462749283	0.012804669573241894
0.016299999999999957	0.007521422729543712	0.979575956599692	0.01290262067076468
0.016399999999999956	0.007299131095331429	0.9797002843661752	0.013000584538493797
0.016499999999999956	0.007083409171720131	0.9798180303200194	0.01309856050826089
0.016599999999999955	0.006874062794419588	0.9799293892739067	0.013196547931674038
0.016699999999999954	0.006670903537561533	0.9800345502829055	0.013294546179533264
0.016799999999999954	0.006473748544103665	0.9801336968146334	0.013392554641263333
0.016899999999999953	0.006282420361245967	0.9802270069143911	0.013490572724363298
0.016999999999999953	0.00609674678071121	0.9803146533654169	0.013588599853872322
0.017099999999999952	0.005916560683745885	0.9803968038444033	0.013686635471851288
0.01719999999999995	0.00574169989070204	0.9804736210724188	0.013784679036879731
0.01729999999999995	0.005572007015064658	0.9805452629613682	0.01388273002356763
0.01739999999999995	0.0054073293217931665	0.9806118827561258	0.013980787922081636
0.01749999999999995	0.005247518589849595	0.9806736291724657	0.014078852237685301
0.01759999999999995	0.005092430978789637	0.980730646530918	0.014176922490292895
0.01769999999999995	0.0049419268992965445	0.9807830748866676	0.014274998214036402
0.017799999999999948	0.004795870887541317	0.9808310501556139	0.01437307895684533
0.017899999999999947	0.00465413148325612	0.9808747042367055	0.014471164280038923
0.017999999999999947	0.0045165811114111646	0.980914165130659	0.014569253757930434
0.018099999999999946	0.0043830959673885755	0.980949557055169	0.014667346977443093
0.018199999999999945	0.004253555905549879	0.9809810005567133	0.014765443537737417
0.018299999999999945	0.004127844331096817	0.9810086126190543	0.014863543049849546
0.018399999999999944	0.0040058480951281625	0.9810325067685322	0.014961645136340261
0.018499999999999944	0.0038874573927980705	0.9810527931762482	0.015059749430954375
0.018599999999999943	0.003772565664484307	0.9810695787572261	0.015157855578290197
0.018699999999999942	0.0036610694998773967	0.9810829672666445	0.01525596323347875
0.018799999999999942	0.003552868544904366	0.9810930593932238	0.01535407206187249
0.01889999999999994	0.003447865411403303	0.9810999528498541	0.015452181738743206
0.01899999999999994	0.0033459655894674417	0.9811037424615443	0.015550291948988864
0.01909999999999994	0.003247077362379865	0.9811045202507717	0.0156484023868491
0.01919999999999994	0.00315111172406227	0.9811023755203092	0.015746512755629136
0.01929999999999994	0.0030579822989634923	0.9810973949336053	0.015844622767431843
0.019399999999999938	0.002967605264315678	0.9810896625927872	0.01594273214289773
0.019499999999999938	0.002879899274688138	0.9810792601143599	0.016040840610952616
0.019599999999999937	0.0027947853887709683	0.9810662667026668	0.01613894790856276
0.019699999999999936	0.0027121869983225437	0.9810507592211808	0.016237053780497227
0.019799999999999936	0.002632029759216931	0.9810328122616864	0.01633515797909728
0.019899999999999935	0.002554241524529159	0.9810124982114189	0.016433260264052573
0.019999999999999934	0.002478752279598113	0.9809898873182186	0.016531360402183986
0.020099999999999934	0.00240549407900862	0.9809650477537591	0.016629458167232856
0.020199999999999933	0.002334400985435985	0.9809380456749082	0.016727553339656438
0.020299999999999933	0.0022654090102979503	0.9809089452832732	0.01682564570642943
0.020399999999999932	0.0021984560561606535	0.9808778088829886	0.01692373506085133
0.02049999999999993	0.0021334818608467455	0.9808446969367943	0.017021821202359535
0.02059999999999993	0.002070427943195363	0.9808096681204573	0.017119903936347908
0.02069999999999993	0.0020092375504251387	0.9807727793755847	0.017217983073990754
0.02079999999999993	0.0019498556070528662	0.9807340859608757	0.01731605843207197
0.02089999999999993	0.001892228665321849	0.9806936415018594	0.017414129832819255
0.02099999999999993	0.0018363048570953118	0.9806514980391621	0.017512197103743223
0.021099999999999928	0.0017820338471715774	0.9806077060753478	0.01761026007748126
0.021199999999999927	0.0017293667879789874	0.9805623146203756	0.017708318591646007
0.021299999999999927	0.0016782562756097914	0.9805153712357124	0.01780637248867831
0.021399999999999926	0.0016286563071534312	0.9804669220771426	0.017904421615704533
0.021499999999999925	0.0015805222392908155	0.9804170119363117	0.018002465824398062
0.021599999999999925	0.0015338107481123206	0.9803656842810433	0.018100504970844936
0.021699999999999924	0.0014884797901233478	0.9803129812944638	0.01819853891541341
0.021799999999999924	0.0014444885644023403	0.9802589439129707	0.01829656752262741
0.021899999999999923	0.0014017974758772003	0.9802036118630796	0.0183945906610437
0.021999999999999922	0.0013603680996870523	0.9801470236971808	0.018492608203132706
0.022099999999999922	0.0013201631465972747	0.9800892168282405	0.018590620025162822
0.02219999999999992	0.0012811464294366717	0.9800302275634757	0.018688626007088184
0.02229999999999992	0.0012432828305265775	0.9799700911370343	0.01878662603243973
0.02239999999999992	0.0012065382700725753	0.9799088417417086	0.018884619988219477
0.02249999999999992	0.001170879675490382	0.9798465125597123	0.018982607764797946
0.02259999999999992	0.0011362749516382906	0.9797831357925477	0.019080589255814597
0.022699999999999918	0.0011026929519293764	0.97971874268999	0.019178564358081213
0.022799999999999918	0.0010701034502974668	0.979653363578215	0.019276532971488146
0.022899999999999917	0.0010384771139916418	0.9795870278870956	0.01937449499891333
0.022999999999999916	0.0010077854771747784	0.9795197641766918	0.01947245034613397
0.023099999999999916	0.0009780009153023763	0.9794516001629574	0.019570398921740867
0.023199999999999915	0.0009490966202586031	0.9793825627426868	0.019668340637055252
0.023299999999999915	0.0009210465762271812	0.9793126780177254	0.01976627540604809
0.023399999999999914	0.0008938255362753969	0.9792419713184635	0.019864203145261765
0.023499999999999913	0.0008674089996301576	0.9791704672266364	0.01996212377373408
0.023599999999999913	0.0008417731896256418	0.9790981895974504	0.0200600372129245
0.023699999999999912	0.0008168950323026959	0.9790251615810552	0.02015794338664259
0.02379999999999991	0.0007927521356407132	0.9789514056433812	0.02025584222097854
0.02389999999999991	0.0007693227694033043	0.9788769435863615	0.02035373364423577
0.02399999999999991	0.0007465858455796178	0.9788017965675554	0.020451617586865516
0.02409999999999991	0.0007245208994037073	0.9787259851191935	0.020549493981403343
0.02419999999999991	0.0007031080709348608	0.9786495291666581	0.020647362762407542
0.02429999999999991	0.0006823280871823138	0.9785724480464189	0.020745223866399362
0.024399999999999908	0.0006621622447582571	0.9784947605234373	0.020843077231804966
0.024499999999999907	0.0006425923930435249	0.9784164848080579	0.020940922798899152
0.024599999999999907	0.0006236009178508133	0.9783376385723991	0.021038760509750707
0.024699999999999906	0.0006051707255707225	0.9782582389662605	0.02113659030816938
0.024799999999999905	0.0005872852277863546	0.9781783026325599	0.021234412139654428
0.024899999999999905	0.0005699283263426192	0.9780978457223134	0.021332225951344687
0.024999999999999904	0.0005530843988568073	0.9780168839091737	0.0214300316919701
0.025099999999999904	0.0005367382846573922	0.9779354324035385	0.021527829311804705
0.025199999999999903	0.0005208752711384024	0.9778535059662412	0.021625618762620983
0.025299999999999902	0.0005054810805170829	0.977771118921838	0.021723399997645578
0.025399999999999902	0.0004905418569829273	0.9776882851715014	0.02182117297151631
0.0254999999999999	0.00047604415422651303	0.9776050182055337	0.02191893764024048
0.0255999999999999	0.00046197492333691575	0.9775213311155094	0.022016693961154375
0.0256999999999999	0.0004483215010568085	0.97743723660606	0.022114441892883994
0.0257999999999999	0.0004350715983846757	0.9773527470063091	0.022212181395306937
0.0258999999999999	0.0004222132895138823	0.9772678742809715	0.0223099124295154
0.025999999999999898	0.00040973500109864276	0.9771826300411218	0.02240763495778028
0.026099999999999898	0.0003976255018372292	0.9770970255546472	0.022505348943516343
0.026199999999999897	0.0003858738923630415	0.9770110717563893	0.022603054351248396
0.026299999999999896	0.0003744695954344419	0.9769247792579878	0.0227007511465785
0.026399999999999896	0.0003634023464145235	0.9768381583574322	0.022798439296154115
0.026499999999999895	0.00035266218403224464	0.9767512190483313	0.022896118767637204
0.026599999999999895	0.0003422394414166124	0.9766639710289099	0.022993789529674246
0.026699999999999894	0.00033212473739584625	0.9765764237107377	0.023091451551867145
0.026799999999999893	0.0003223089680536906	0.976488586227202	0.023189104804744978
0.026899999999999893	0.00031278329853527546	0.9764004674417288	0.023286749259736592
0.026999999999999892	0.000303539155095151	0.9763120759557615	0.023384384889144023
0.02709999999999989	0.00029456821738033784	0.9762234201165036	0.023482011666116666
0.02719999999999989	0.000285862410941448	0.9761345080244329	0.02357962956462624
0.02729999999999989	0.0002774138999651353	0.976045347540593	0.02367723855944248
0.02739999999999989	0.00026921508022133484	0.9759559462936698	0.023774838626109556
0.02749999999999989	0.00026125857221894237	0.9758663116868586	0.023872429740923167
0.02759999999999989	0.00025353721456377443	0.9757764509045286	0.023970011880908342
0.027699999999999888	0.00024604405751283033	0.97568637091869	0.024067585023797872
0.027799999999999887	0.00023877235671905433	0.9755960784952703	0.02416514914801139
0.027899999999999887	0.00023171556716096808	0.9755055802002047	0.024262704232635084
0.027999999999999886	0.00022486733725170965	0.9754148824053471	0.02436025025740197
0.028099999999999885	0.00021822150312217662	0.9753239912942059	0.024457787202672793
0.028199999999999885	0.00021177208307312798	0.9752329128675102	0.02455531504941746
0.028299999999999884	0.00020551327219125103	0.9751416529486125	0.024652833779197043
0.028399999999999884	0.00019943943712434764	0.9750502171887302	0.02475034337414629
0.028499999999999883	0.00019354511101093711	0.9749586110720332	0.024847843816956688
0.028599999999999882	0.00018782498855971188	0.9748668399205811	0.024945335090859985
0.028699999999999882	0.00018227392127441724	0.9747749088991141	0.025042817179612237
0.02879999999999988	0.0001768869128198573	0.9746828230197027	0.025140290067478296
0.02889999999999988	0.00017165911452485616	0.9745905871462591	0.025237753739216783
0.02899999999999988	0.00016658582101812641	0.9744982059989171	0.025335208180065478
0.02909999999999988	0.00016166246599311765	0.9744056841582804	0.02543265337572717
0.02919999999999988	0.0001568846180980323	0.9743130260695468	0.0255300893123559
0.029299999999999878	0.00015224797694730986	0.9742202360465099	0.025627515976543627
0.029399999999999878	0.00014774836925098982	0.9741273182754425	0.025724933355307282
0.029499999999999877	0.0001433817450584689	0.9740342768188661	0.025822341436076205
0.029599999999999876	0.00013914417411327228	0.9739411156192076	0.025919740206679948
0.029699999999999876	0.00013503184231555745	0.9738478385023488	0.02601712965533646
0.029799999999999875	0.00013104104828916697	0.973754449181071	0.02611450977064058
0.029899999999999875	0.00012716820005014018	0.9736609512583977	0.026211880541552927
0.029999999999999874	0.00012340981177368505	0.973567348230838	0.026309241957389057
0.030099999999999873	0.00011976250065670083	0.9734736434915351	0.026406594007808988
0.030199999999999873	0.00011622298387302676	0.9733798403333207	0.02650393668280701
0.030299999999999872	0.0001127880756186771	0.9732859419516803	0.026601269972701805
0.03039999999999987	0.00010945468424440246	0.9731919514476295	0.026698593868126858
0.03049999999999987	0.00010621980947299686	0.9730978718305066	0.026795908360021145
0.03059999999999987	0.00010308053969884575	0.9730037060206818	0.02689321343962011
0.03069999999999987	0.00010003404936728443	0.9729094568521865	0.026990509098446896
0.03079999999999987	9.707759643140819e-05	0.9728151270752655	0.02708779532830383
0.03089999999999987	9.420851988404501e-05	0.9727207193588525	0.027185072121264187
0.030999999999999868	9.142423736266954e-05	0.972626236292974	0.027282339469664168
0.031099999999999867	8.872224282510254e-05	0.9725316803910805	0.027379597366095125
0.031199999999999867	8.610010429390373e-05	0.9724370540923108	0.027476845803396023
0.03129999999999987	8.355546166742808e-05	0.9723423597636872	0.02757408477464612
0.03139999999999987	8.10860245955749e-05	0.9722475997022473	0.027671314273157856
0.031499999999999875	7.868957041831831e-05	0.9721527761371124	0.027768534292469966
0.03159999999999988	7.636394216516312e-05	0.9720578912314947	0.02786574482634078
0.03169999999999988	7.410704661372586e-05	0.9719629470846451	0.027962945868741734
0.031799999999999884	7.191685240569332e-05	0.9718679457337438	0.028060137413851077
0.03189999999999989	6.979138821846303e-05	0.9717728891557343	0.028157319456047745
0.03199999999999989	6.772874099081981e-05	0.9716777792691043	0.02825449198990543
0.03209999999999989	6.572705420105164e-05	0.9715826179356126	0.028351655010186827
0.032199999999999895	6.378452619595474e-05	0.9714874069619666	0.028448808511838033
0.0322999999999999	6.189940856922416e-05	0.9713921481014481	0.028545952489983137
0.0323999999999999	6.0070004587770064e-05	0.9712968430554938	0.02864308693991895
0.032499999999999904	5.8294667664543465e-05	0.9712014934752261	0.028740211857109895
0.03259999999999991	5.657179987649675e-05	0.971106100962941	0.02883732723718306
0.03269999999999991	5.489985052634507e-05	0.9710106670735509	0.028934433075923378
0.03279999999999991	5.327731474683416e-05	0.9709151933159849	0.02903152936926896
0.032899999999999915	5.170273214625822e-05	0.9708196811545479	0.02912861611330657
0.03299999999999992	5.017468549400884e-05	0.9707241320102394	0.029225693304267227
0.03309999999999992	4.869179944497179e-05	0.9706285472620337	0.029322760938521937
0.033199999999999924	4.7252739301623604e-05	0.9705329282481214	0.029419819012577557
0.03329999999999993	4.585620981271372e-05	0.9704372762671152	0.029516867523072768
0.03339999999999993	4.4500954007450956e-05	0.970341592579219	0.029613906466774188
0.03349999999999993	4.318575206414494e-05	0.970245878407364	0.02971093584057258
0.033599999999999935	4.19094202122843e-05	0.9701501349383093	0.029807955641479186
0.03369999999999994	4.0670809667063276e-05	0.9700543633237115	0.029904965866622155
0.03379999999999994	3.946880559539788e-05	0.9699585646811623	0.030001966513243092
0.033899999999999944	3.830232611250088e-05	0.9698627400951946	0.0300989575786937
0.03399999999999995	3.717032130811248e-05	0.9697668906182602	0.03019593906043252
0.03409999999999995	3.607177230151021e-05	0.9696710172716775	0.030292910956021782
0.03419999999999995	3.500569032444754e-05	0.969575121046552	0.030389873263124322
0.034299999999999956	3.3971115831195706e-05	0.9694792029046689	0.030486825979500615
0.03439999999999996	3.296711763488779e-05	0.96938326377936	0.030583769103005885
0.03449999999999996	3.199279206938772e-05	0.969287304576344	0.030680702631587304
0.034599999999999964	3.104726217592973e-05	0.9691913261745435	0.030777626563281268
0.03469999999999997	3.0129676913796316e-05	0.9690953294268762	0.030874540896210754
0.03479999999999997	2.923921039432412e-05	0.9689993151610236	0.03097144562858277
0.03489999999999997	2.837506113754842e-05	0.9689032841801772	0.031068340758685857
0.034999999999999976	2.7536451350817058e-05	0.9688072372637622	0.031165226284887684
0.03509999999999998	2.672262622872457e-05	0.9687111751681392	0.0312621022056327
0.03519999999999998	2.5932853273736364e-05	0.968615098627287	0.03135896851943987
0.035299999999999984	2.516642163689152e-05	0.9685190083534633	0.03145582522490045
0.03539999999999999	2.4422641477990742e-05	0.9684229050378468	0.03155267232067589
0.03549999999999999	2.3700843344693616e-05	0.9683267893511602	0.03164950980549571
0.03559999999999999	2.300037756996633e-05	0.9682306619442752	0.0317463376781555
0.035699999999999996	2.2320613687337502e-05	0.9681345234487984	0.031843155937514994
0.0358	2.16609398634358e-05	0.9680383744776412	0.03193996458249612
0.0359	2.1020762347298606e-05	0.9679422156255723	0.03203676361208121
0.036000000000000004	2.0399504935956097e-05	0.9678460474697537	0.03213355302531116
0.03610000000000001	1.9796608455809674e-05	0.9677498705702612	0.03223033282128375
0.03620000000000001	1.921153025933798e-05	0.9676536854705895	0.03232710299915192
0.03630000000000001	1.8643743736677524e-05	0.967557492698142	0.03242386355812215
0.036400000000000016	1.809273784163824e-05	0.9674612927647063	0.03252061449745289
0.03650000000000002	1.7558016631727446e-05	0.9673650861669161	0.03261735581645299
0.03660000000000002	1.7039098821768118e-05	0.9672688733866988	0.03271408751448023
0.036700000000000024	1.6535517350709758e-05	0.9671726548917102	0.03281080959093988
0.03680000000000003	1.6046818961241916e-05	0.9670764311357564	0.03290752204528325
0.03690000000000003	1.5572563791832033e-05	0.9669802025592027	0.03300422487700638
0.03700000000000003	1.5112324980820361e-05	0.9668839695893714	0.03310091808564868
0.037100000000000036	1.4665688282215674e-05	0.966787732640927	0.033197601670791665
0.03720000000000004	1.423225169284591e-05	0.9666914921162504	0.03329427563205769
0.03730000000000004	1.3811625090528191e-05	0.9665952484058017	0.03339093996910875
0.037400000000000044	1.3403429882932523e-05	0.9664990018884727	0.03348759468164532
0.03750000000000005	1.3007298666823152e-05	0.966402752931929	0.03358423976940517
0.03760000000000005	1.2622874897370856e-05	0.9663065018929413	0.03368087523216232
0.03770000000000005	1.2249812567238538e-05	0.9662102491177078	0.03377750106972592
0.037800000000000056	1.1887775895151261e-05	0.9661139949421665	0.03387411728193922
0.03790000000000006	1.153643902367045e-05	0.9660177396922986	0.03397072386867857
0.03800000000000006	1.1195485725900197e-05	0.9659214836844225	0.034067320829852435
0.038100000000000064	1.0864609120861724e-05	0.9658252272254796	0.03416390816540044
0.03820000000000007	1.0543511397279774e-05	0.9657289706133112	0.03426048587529245
0.03830000000000007	1.0231903545532379e-05	0.9656327141369278	0.03435705395952766
0.03840000000000007	9.929505097522687e-06	0.9655364580767697	0.03445361241813374
0.038500000000000076	9.63604387423875e-06	0.9654402027049608	0.03455016125116598
0.03860000000000008	9.351255740774041e-06	0.9653439482855537	0.0346467004587065
0.03870000000000008	9.074884368588216e-06	0.9652476950747689	0.0347432300408634
0.038800000000000084	8.806681004794123e-06	0.965151443321226	0.03483974999777005
0.03890000000000009	8.54640424826342e-06	0.9650551932661683	0.03493626032958429
0.03900000000000009	8.293819832349262e-06	0.9649589451436807	0.035032761036487725
0.03910000000000009	8.048700414030516e-06	0.9648626991809017	0.035129252118685034
0.039200000000000096	7.81082536928769e-06	0.9647664555982283	0.03522573357640326
0.0393000000000001	7.579980594526433e-06	0.9646702146095151	0.035322205409891165
0.0394000000000001	7.355958313869846e-06	0.9645739764222684	0.035418667619418566
0.039500000000000104	7.138556892146173e-06	0.9644777412378329	0.03551512020527573
0.03960000000000011	6.927580653403534e-06	0.9643815092515746	0.03561156316777276
0.03970000000000011	6.722839704788366e-06	0.964285280653057	0.03570799650723899
0.03980000000000011	6.524149765629038e-06	0.9641890556262127	0.03580442022402244
0.039900000000000116	6.331332001570809e-06	0.96409283434951	0.035900834318489255
0.04000000000000012	6.1442128636128395e-06	0.963996616996114	0.03599723879102314
0.04010000000000012	5.962623931902378e-06	0.9639004037340441	0.03609363364202487
0.040200000000000125	5.786401764145527e-06	0.963804194726325	0.036190018871911776
0.04030000000000013	5.615387748498148e-06	0.9637079901311352	0.036286394481117236
0.04040000000000013	5.449427960804496e-06	0.9636117901019499	0.03638276047009022
0.04050000000000013	5.288373026055094e-06	0.96351559478768	0.0364791168392948
0.040600000000000136	5.132077983939138e-06	0.9634194043328071	0.03657546358920974
0.04070000000000014	4.980402158370441e-06	0.9633232188775145	0.036671800720328024
0.04080000000000014	4.8332090308694544e-06	0.9632270385578136	0.03676812823315644
0.040900000000000145	4.690366117687428e-06	0.963130863505668	0.036864446128215184
0.04100000000000015	4.551744850562092e-06	0.9630346938491129	0.03696075440603744
0.04110000000000015	4.417220460997543e-06	0.9629385297123709	0.037057053067169006
0.04120000000000015	4.2866718679641815e-06	0.962842371215965	0.037153342112167934
0.041300000000000156	4.1599815689176095e-06	0.962746218476828	0.03724962154160412
0.04140000000000016	4.037035534038412e-06	0.962650071608408	0.037345891356059
0.04150000000000016	3.9177231035976235e-06	0.9625539307207722	0.037442151556125174
0.041600000000000165	3.8019368883555022e-06	0.9624577959207066	0.037538402142406085
0.04170000000000017	3.6895726729039694e-06	0.9623616673118124	0.0376346431155157
0.04180000000000017	3.580529321865707e-06	0.9622655449946009	0.03773087447607818
0.04190000000000017	3.4747086888654916e-06	0.9621694290665845	0.0378270962247276
0.042000000000000176	3.372015528191835e-06	0.9620733196223652	0.03792330836210763
0.04210000000000018	3.2723574090694133e-06	0.9619772167537207	0.03801951088887127
0.04220000000000018	3.175644632465134e-06	0.9618811205496881	0.03811570380568054
0.042300000000000185	3.0817901503529497e-06	0.9617850310966445	0.03821188711320624
0.04240000000000019	2.990709487364761e-06	0.961688948478386	0.038308060812127696
0.04250000000000019	2.9023206647568842e-06	0.9615928727762039	0.03840422490313246
0.04260000000000019	2.8165441266236494e-06	0.9614968040689583	0.038500379386916105
0.042700000000000196	2.7333026682917153e-06	0.9614007424331508	0.03859652426418197
0.0428000000000002	2.652521366830653e-06	0.9613046879429933	0.038692659535640925
0.0429000000000002	2.5741275136172526e-06	0.9612086406704763	0.03878878520201116
0.043000000000000205	2.498050548892855e-06	0.9611126006854342	0.03888490126401794
0.04310000000000021	2.424221998254807e-06	0.9610165680556094	0.03898100772239342
0.04320000000000021	2.3525754110248778e-06	0.9609205428467137	0.03907710457787643
0.04330000000000021	2.283046300439163e-06	0.9608245251224884	0.039173191831212255
0.043400000000000216	2.2155720856056466e-06	0.960728514944763	0.03926926948315248
0.04350000000000022	2.1500920351771726e-06	0.9606325123735111	0.03936533753445476
0.04360000000000022	2.086547212689135e-06	0.9605365174669057	0.03946139598588267
0.043700000000000225	2.0248804235126825e-06	0.960440530281372	0.039557444838205516
0.04380000000000023	1.965036163375691e-06	0.9603445508716395	0.03965348409219815
0.04390000000000023	1.9069605684051748e-06	0.9602485792907918	0.039749513748640816
0.04400000000000023	1.8506013666461633e-06	0.9601526155903154	0.03984553380831899
0.044100000000000236	1.7959078310134155e-06	0.9600566598201468	0.039941544272023226
0.04420000000000024	1.7428307336336188e-06	0.9599607120287184	0.04003754514054898
0.04430000000000024	1.6913223015369813e-06	0.9598647722630029	0.0401335364146965
0.044400000000000245	1.6413361736583342e-06	0.9597688405685567	0.04022951809527063
0.04450000000000025	1.5928273591090448e-06	0.9596729169895611	0.04032549018308073
0.04460000000000025	1.54575219668218e-06	0.9595770015688638	0.04042145267894049
0.04470000000000025	1.500068315554473e-06	0.9594810943480176	0.040517405583667836
0.044800000000000256	1.455734597149724e-06	0.9593851953673191	0.040613348898084774
0.04490000000000026	1.412711138129305e-06	0.9592893046658456	0.04070928262301728
0.04500000000000026	1.3709592144764634e-06	0.9591934222814914	0.040805206759295186
0.045100000000000265	1.3304412466420922e-06	0.9590975482510024	0.040901121307752045
0.04520000000000027	1.2911207657206006e-06	0.9590016826100103	0.04099702626922504
0.04530000000000027	1.252962380625437e-06	0.9589058253930656	0.04109292164455485
0.045400000000000273	1.215931746234723e-06	0.9588099766336693	0.04118880743458557
0.045500000000000276	1.1799955324783252e-06	0.958714136364304	0.041284683640164584
0.04560000000000028	1.1451213943385438e-06	0.9586183046164642	0.04138055026214248
0.04570000000000028	1.1112779427374124e-06	0.9585224814206854	0.04147640730137295
0.045800000000000285	1.07843471628441e-06	0.9584266668065722	0.04157225475871268
0.04590000000000029	1.046562153859154e-06	0.958330860802826	0.04166809263502128
0.04600000000000029	1.0156315680043963e-06	0.9582350634372719	0.04176392093116119
0.046100000000000294	9.856151191053758e-07	0.9581392747368844	0.04185973964799758
0.046200000000000296	9.564857903322861e-07	0.9580434947278125	0.04195554878639828
0.0463000000000003	9.28217363323306e-07	0.957947723435404	0.0420513483472337
0.0464000000000003	9.007843945863033e-07	0.9578519608842297	0.04214713833137674
0.046500000000000305	8.741621925979757e-07	0.9577562070981057	0.04224291873970272
0.04660000000000031	8.483267955798129e-07	0.9576604621001161	0.042338689573089304
0.04670000000000031	8.232549499308787e-07	0.9575647259126346	0.04243445083241643
0.046800000000000314	7.989240892980011e-07	0.9574689985573455	0.04253020251856624
0.046900000000000316	7.753123142645314e-07	0.9573732800552637	0.04262594463242301
0.04700000000000032	7.523983726393909e-07	0.9572775704267552	0.04272167717487308
0.04710000000000032	7.301616403286651e-07	0.9571818696915558	0.0428174001468048
0.047200000000000325	7.085821027725269e-07	0.9570861778687897	0.04291311354910847
0.04730000000000033	6.876403369307823e-07	0.9569904949769877	0.04300881738267626
0.04740000000000033	6.673174938008228e-07	0.956894821034105	0.04310451164840216
0.047500000000000334	6.475952814522518e-07	0.9567991560575375	0.04320019634718195
0.047600000000000336	6.28455948562912e-07	0.9567035000641393	0.04329587147991311
0.04770000000000034	6.098822684414977e-07	0.9566078530702378	0.043391537047494766
0.04780000000000034	5.918575235223701e-07	0.9565122150916497	0.04348719305082767
0.047900000000000345	5.743654903186196e-07	0.9564165861436965	0.04358283949081412
0.04800000000000035	5.573904248198333e-07	0.9563209662412182	0.04367847636835792
0.04810000000000035	5.409170483214223e-07	0.9562253553985882	0.04377410368436435
0.048200000000000354	5.249305336727572e-07	0.9561297536297271	0.0438697214397401
0.04830000000000036	5.094164919317312e-07	0.9560341609481157	0.04396532963539321
0.04840000000000036	4.943609594137414e-07	0.9559385773668083	0.04406092827223306
0.04850000000000036	4.797503851234303e-07	0.9558430028984454	0.044156517351170335
0.048600000000000365	4.6557161855787543e-07	0.9557474375552654	0.04425209687311693
0.04870000000000037	4.518118978702488e-07	0.955651881349117	0.04434766683898596
0.04880000000000037	4.384588383832941e-07	0.9555563342914708	0.04444322724969171
0.048900000000000374	4.2550042144228083e-07	0.9554607963934298	0.044538778106149576
0.04900000000000038	4.129249835974042e-07	0.9553652676657411	0.04463431940927607
0.04910000000000038	4.0072120610589287e-07	0.9552697481188059	0.044729851159988746
